207.969 
208.092 
214.972 
223.097 
207.972 
213.556 
207.827 
207.909 
207.822 
207.820 
207.898 
207.820 
207.807 
207.832 
207.746 
207.743 
207.695 
207.884 
207.787 
207.756 
228.056 
209.660 
207.603 
207.721 
207.736 
208.101 
208.127 
207.829 
208.886 
208.417 
207.744 
373.265 
218.390 
215.016 
217.707 
223.882 
223.836 
222.751 
225.331 
222.807 
5017.518 
3824.022 
223.563 
222.862 
223.733 
223.400 
224.492 
222.889 
222.903 
222.893 
235.308 
223.094 
222.970 
222.780 
222.988 
223.205 
222.863 
226.525 
230.005 
222.811 
224.365 
222.768 
237.695 
223.085 
228.311 
224.432 
222.837 
225.484 
233.051 
223.779 
223.671 
222.884 
202.085 
200.603 
227.770 
222.872 
222.823 
222.936 
222.943 
222.938 
222.998 
222.824 
223.085 
223.927 
222.765 
222.892 
222.826 
227.680 
222.838 
222.994 
222.844 
223.538 
237.249 
222.743 
225.576 
223.229 
222.956 
222.823 
222.863 
227.806 
224.372 
222.898 
222.870 
230.165 
222.946 
223.087 
222.936 
222.988 
222.933 
241.813 
227.107 
222.773 
222.811 
222.915 
223.837 
225.017 
222.775 
222.841 
223.190 
226.964 
225.638 
223.657 
226.543 
226.754 
223.337 
223.298 
223.144 
223.282 
223.079 
223.599 
223.249 
222.794 
222.851 
222.808 
223.037 
222.828 
222.775 
222.793 
224.050 
222.827 
223.997 
223.155 
223.548 
223.202 
224.365 
223.386 
225.418 
223.937 
223.501 
231.814 
226.571 
238.232 
222.971 
222.939 
222.881 
227.749 
235.868 
222.988 
222.983 
222.909 
222.917 
222.965 
222.903 
222.932 
222.893 
223.016 
224.817 
225.803 
223.438 
228.770 
224.793 
223.601 
223.273 
223.182 
224.757 
223.504 
223.550 
223.202 
223.165 
223.036 
227.955 
223.599 
226.529 
228.018 
222.977 
223.109 
232.783 
223.020 
223.006 
223.272 
223.625 
223.490 
240.694 
223.035 
223.457 
223.227 
223.085 
233.051 
225.477 
223.243 
223.425 
222.942 
222.944 
222.878 
222.884 
192.722 
192.773 
192.761 
192.934 
207.835 
207.723 
207.759 
207.727 
208.176 
213.258 
212.132 
208.006 
208.258 
207.742 
207.926 
208.660 
207.710 
207.771 
207.722 
207.882 
207.896 
209.297 
211.099 
208.749 
250.394 
207.768 
207.825 
207.842 
207.899 
192.681 
192.632 
216.509 
192.749 
193.323 
192.683 
199.004 
193.808 
192.706 
192.831 
192.943 
204.597 
192.725 
193.339 
195.952 
194.191 
198.256 
196.658 
197.544 
192.778 
193.660 
193.789 
198.502 
192.793 
192.544 
192.826 
197.276 
200.105 
197.377 
198.031 
192.754 
192.825 
192.717 
192.883 
193.055 
342.659 
204.025 
192.763 
192.779 
199.577 
192.822 
194.034 
208.852 
208.084 
207.874 
207.848 
209.313 
207.811 
208.029 
207.755 
208.264 
208.874 
210.102 
210.936 
209.060 
208.218 
209.257 
211.876 
210.867 
214.556 
207.792 
208.978 
229.826 
207.698 
207.708 
207.724 
