124.471 
124.380 
124.491 
124.398 
124.519 
124.290 
124.264 
124.279 
124.312 
124.383 
124.559 
124.338 
124.493 
124.401 
124.442 
124.338 
124.316 
124.367 
124.360 
124.422 
124.348 
124.256 
124.377 
124.419 
124.956 
124.290 
124.395 
124.763 
124.303 
124.322 
124.316 
124.419 
124.253 
124.274 
124.497 
124.374 
124.485 
124.411 
124.330 
124.418 
124.331 
124.339 
124.482 
124.290 
124.329 
124.576 
124.498 
124.342 
124.513 
124.542 
124.413 
124.252 
124.338 
124.379 
124.322 
124.256 
124.240 
124.283 
124.346 
124.341 
124.361 
124.307 
124.262 
124.313 
124.225 
124.333 
124.280 
124.210 
124.232 
124.301 
124.270 
124.301 
124.219 
124.262 
124.217 
124.228 
124.240 
124.237 
124.283 
124.270 
124.354 
124.227 
124.238 
125.747 
124.311 
124.341 
124.253 
124.300 
124.272 
124.334 
124.247 
124.212 
124.236 
124.321 
124.452 
124.294 
124.295 
124.480 
124.230 
124.312 
124.228 
124.331 
124.252 
124.247 
124.230 
124.409 
124.336 
124.368 
124.306 
124.202 
124.446 
124.345 
124.402 
124.404 
124.372 
124.265 
124.390 
124.209 
124.404 
124.390 
124.394 
124.252 
124.568 
124.451 
124.212 
124.367 
124.264 
124.374 
124.399 
124.382 
124.324 
124.293 
124.374 
124.257 
124.302 
124.339 
124.300 
124.309 
124.254 
124.495 
124.618 
124.403 
124.242 
124.209 
124.277 
124.520 
124.342 
124.161 
124.266 
124.178 
124.433 
124.231 
124.342 
124.303 
124.341 
124.405 
124.381 
124.397 
124.574 
124.358 
124.260 
124.305 
124.332 
124.327 
124.419 
124.431 
124.448 
124.368 
124.551 
124.313 
124.216 
124.197 
124.304 
124.233 
124.247 
124.238 
124.338 
124.355 
124.325 
170.600 
124.376 
124.352 
124.822 
124.307 
124.248 
124.293 
124.312 
124.284 
124.292 
124.431 
124.366 
124.302 
124.355 
124.453 
124.346 
124.318 
124.271 
124.201 
124.294 
124.713 
124.397 
124.354 
124.250 
124.434 
124.562 
124.299 
124.365 
124.354 
124.338 
124.490 
124.255 
124.316 
124.457 
124.345 
124.288 
124.327 
124.370 
124.247 
124.445 
124.332 
124.190 
124.192 
124.286 
124.541 
124.338 
124.259 
124.307 
124.427 
124.491 
124.326 
124.378 
124.311 
124.357 
124.228 
124.288 
124.335 
124.477 
124.233 
124.217 
124.483 
124.152 
124.188 
124.382 
124.263 
124.207 
124.230 
124.183 
124.237 
124.460 
124.228 
124.261 
124.420 
124.245 
124.209 
124.285 
124.208 
124.439 
124.209 
124.437 
124.229 
124.332 
124.286 
124.225 
124.251 
124.245 
124.170 
124.324 
124.180 
124.324 
124.164 
124.271 
124.521 
124.247 
124.216 
124.245 
124.200 
124.407 
124.226 
124.322 
124.222 
124.301 
124.571 
124.199 
124.224 
124.420 
124.342 
124.628 
124.394 
124.217 
124.285 
124.363 
124.363 
124.257 
124.265 
124.364 
124.425 
124.317 
124.830 
124.359 
