217.956 
197.745 
209.870 
221.444 
246.414 
293.547 
281.123 
219.857 
213.618 
233.659 
215.211 
194.703 
234.205 
192.563 
192.357 
264.998 
207.212 
334.958 
229.287 
418.967 
187.815 
205.612 
239.616 
190.530 
207.914 
235.239 
273.080 
238.850 
251.186 
248.060 
234.820 
191.848 
203.042 
203.252 
209.879 
201.537 
202.632 
234.275 
210.117 
219.907 
229.248 
200.760 
210.548 
251.303 
244.592 
247.310 
252.899 
242.301 
202.573 
403.445 
232.714 
229.945 
241.211 
244.502 
253.239 
217.928 
191.622 
199.185 
209.223 
203.611 
189.429 
194.309 
218.708 
252.185 
215.043 
190.594 
186.991 
189.704 
240.741 
269.655 
258.709 
274.977 
258.679 
252.019 
243.607 
291.287 
241.387 
254.847 
222.669 
191.016 
239.075 
226.729 
208.590 
209.925 
216.277 
263.178 
218.537 
195.734 
191.789 
225.361 
222.342 
231.921 
264.528 
256.071 
206.110 
257.938 
225.441 
246.822 
246.331 
241.130 
240.301 
211.347 
186.703 
186.825 
186.146 
186.251 
189.350 
187.886 
188.015 
190.515 
186.756 
186.003 
187.157 
188.210 
187.266 
187.490 
186.989 
187.959 
186.586 
190.435 
236.372 
239.593 
240.580 
237.583 
233.490 
194.439 
187.462 
196.401 
197.208 
201.789 
196.005 
195.052 
185.970 
195.939 
207.722 
208.525 
193.612 
188.894 
207.540 
244.881 
219.421 
186.394 
187.445 
188.395 
195.877 
215.436 
236.340 
246.501 
189.736 
197.429 
201.217 
203.975 
188.763 
189.057 
222.003 
194.927 
188.925 
203.138 
198.959 
206.929 
214.147 
237.106 
190.912 
195.855 
219.842 
189.113 
205.287 
190.431 
189.534 
198.418 
231.070 
236.736 
206.329 
195.808 
190.573 
240.563 
193.282 
192.657 
185.948 
624.679 
198.750 
241.266 
186.989 
190.507 
214.533 
192.519 
193.600 
199.494 
208.378 
225.512 
189.439 
194.185 
195.042 
196.848 
234.124 
248.725 
228.261 
208.961 
188.440 
196.962 
241.746 
218.173 
203.013 
202.473 
195.714 
204.357 
218.011 
244.030 
207.210 
224.159 
284.641 
330.305 
200.756 
204.018 
204.144 
224.760 
281.853 
264.731 
246.188 
269.659 
229.222 
341.705 
223.482 
199.701 
214.535 
234.361 
206.152 
261.224 
230.203 
197.451 
209.407 
194.479 
190.281 
210.149 
207.155 
232.335 
229.422 
258.025 
240.331 
250.956 
260.054 
292.289 
263.147 
200.889 
226.704 
244.639 
213.775 
212.366 
201.620 
213.771 
209.874 
229.352 
227.567 
196.478 
215.937 
212.122 
214.611 
205.779 
222.309 
239.261 
207.850 
202.522 
