222.743 
272.925 
270.521 
223.704 
222.737 
223.440 
232.971 
223.133 
222.754 
223.168 
222.742 
224.379 
223.014 
237.868 
224.640 
222.995 
222.642 
223.251 
233.446 
234.017 
222.736 
223.037 
222.729 
227.009 
222.762 
222.636 
222.691 
223.388 
222.763 
223.511 
222.721 
223.288 
222.805 
223.054 
201.803 
200.513 
223.250 
222.734 
222.718 
222.993 
222.674 
222.794 
224.166 
222.790 
222.781 
222.722 
222.689 
222.885 
237.072 
223.617 
223.404 
222.779 
222.801 
222.755 
222.716 
222.812 
223.214 
222.912 
222.942 
222.881 
223.217 
222.897 
223.337 
222.799 
222.771 
222.996 
222.830 
222.802 
222.905 
222.735 
222.853 
222.823 
237.197 
231.797 
222.708 
223.233 
223.911 
227.028 
228.319 
222.818 
222.968 
224.169 
224.086 
223.734 
228.777 
224.800 
222.847 
222.945 
223.526 
228.704 
223.656 
223.378 
222.895 
222.802 
222.745 
222.887 
222.861 
222.794 
222.793 
222.725 
223.308 
222.708 
244.085 
222.812 
222.757 
223.641 
223.170 
228.241 
223.101 
224.620 
223.082 
223.238 
223.438 
222.915 
229.121 
223.102 
222.707 
222.884 
227.259 
222.775 
222.843 
222.897 
222.773 
222.935 
222.934 
233.777 
223.459 
222.884 
222.844 
223.132 
224.781 
232.637 
240.659 
223.559 
223.001 
223.065 
227.675 
224.477 
225.811 
223.034 
223.178 
222.763 
222.900 
242.703 
222.971 
282.258 
222.957 
222.845 
222.882 
225.269 
222.931 
223.474 
222.908 
225.471 
223.100 
222.973 
222.914 
223.977 
223.468 
222.983 
229.351 
243.980 
222.892 
222.870 
222.754 
223.255 
222.824 
224.234 
192.607 
192.700 
192.681 
192.712 
213.650 
207.711 
207.767 
207.793 
207.733 
208.117 
207.824 
208.150 
214.886 
208.119 
207.840 
207.632 
207.891 
209.226 
216.063 
207.639 
207.796 
207.689 
207.738 
207.753 
207.712 
207.708 
207.852 
207.674 
208.241 
224.561 
192.756 
192.652 
192.637 
192.639 
193.774 
211.263 
192.596 
192.766 
192.703 
195.998 
192.696 
192.948 
192.650 
192.841 
192.797 
192.637 
192.759 
199.364 
192.599 
193.627 
194.630 
192.687 
193.453 
208.513 
192.749 
192.714 
193.349 
192.875 
193.703 
193.014 
196.193 
193.272 
192.743 
192.847 
192.708 
208.868 
202.647 
192.848 
192.742 
192.793 
193.128 
195.519 
207.775 
207.740 
208.062 
207.860 
207.765 
207.785 
207.863 
207.739 
208.127 
207.848 
207.895 
208.193 
207.954 
207.676 
207.817 
207.746 
220.600 
207.939 
207.740 
208.114 
207.756 
217.134 
207.621 
211.285 
