124.350 
124.964 
124.379 
124.453 
124.393 
124.374 
124.436 
124.789 
125.073 
124.502 
124.356 
124.701 
124.865 
124.528 
124.302 
124.484 
124.549 
124.455 
124.339 
124.524 
124.395 
124.352 
124.464 
124.929 
124.417 
124.864 
124.435 
124.458 
124.272 
124.283 
124.941 
124.468 
124.362 
124.249 
124.373 
124.617 
124.394 
124.399 
124.394 
124.552 
124.454 
124.347 
124.704 
124.411 
124.302 
124.777 
124.302 
124.539 
124.312 
124.709 
124.659 
124.492 
124.336 
124.531 
124.598 
124.309 
124.209 
124.454 
124.391 
124.404 
125.281 
124.470 
124.336 
124.316 
124.393 
124.295 
124.339 
124.264 
124.330 
124.314 
124.249 
124.340 
124.226 
124.222 
124.237 
124.293 
124.304 
124.228 
124.249 
124.614 
124.329 
124.416 
124.327 
125.481 
124.394 
124.514 
124.724 
124.278 
124.382 
124.303 
124.409 
124.259 
124.247 
124.325 
124.332 
124.392 
124.394 
124.361 
124.396 
124.274 
124.278 
124.318 
124.264 
124.212 
124.826 
124.292 
124.199 
124.391 
124.392 
124.318 
124.523 
124.258 
124.305 
124.267 
124.317 
124.739 
124.253 
124.252 
124.403 
124.715 
124.628 
125.520 
124.463 
124.295 
124.376 
124.356 
124.406 
124.336 
124.320 
124.223 
124.212 
124.563 
124.306 
124.539 
124.498 
124.714 
124.300 
124.429 
124.487 
124.374 
124.315 
124.453 
124.465 
124.290 
124.213 
124.267 
124.399 
124.462 
124.243 
124.348 
124.652 
124.174 
124.615 
124.254 
124.626 
124.314 
124.548 
124.328 
124.495 
124.426 
124.409 
124.316 
125.204 
124.421 
124.259 
124.349 
124.529 
124.484 
124.502 
124.478 
124.574 
124.412 
124.692 
124.295 
124.231 
124.207 
124.224 
124.222 
124.250 
124.362 
124.315 
124.456 
124.641 
124.346 
124.375 
124.510 
124.919 
127.036 
124.385 
124.345 
124.304 
124.828 
124.493 
124.352 
124.542 
124.377 
124.681 
124.223 
124.387 
124.556 
124.321 
124.276 
124.341 
124.497 
125.010 
124.392 
124.410 
124.369 
124.523 
124.431 
124.373 
124.287 
124.340 
124.289 
124.489 
124.446 
124.470 
124.405 
124.438 
124.366 
124.312 
124.305 
124.344 
124.161 
124.250 
124.375 
124.327 
124.358 
124.327 
124.394 
124.409 
124.359 
124.458 
124.298 
124.807 
124.310 
124.239 
124.469 
124.299 
124.220 
124.311 
124.754 
124.442 
124.319 
124.175 
124.367 
124.241 
124.171 
124.755 
124.287 
124.386 
124.395 
124.313 
124.313 
124.293 
124.554 
124.399 
124.253 
124.462 
124.489 
124.305 
124.413 
124.315 
124.183 
124.284 
124.231 
124.217 
124.188 
124.219 
124.169 
124.253 
124.308 
124.288 
124.232 
124.293 
124.221 
124.177 
124.350 
124.260 
124.256 
124.439 
124.328 
124.401 
124.245 
124.392 
124.282 
124.238 
124.269 
124.239 
124.260 
124.360 
124.304 
124.351 
124.263 
124.361 
124.220 
124.230 
124.235 
124.338 
124.388 
124.401 
124.514 
124.348 
