252.784 
232.235 
251.234 
225.133 
291.463 
232.693 
225.182 
225.444 
221.809 
237.413 
230.380 
237.594 
232.514 
224.422 
221.763 
222.767 
269.530 
224.172 
222.061 
303.296 
222.132 
221.802 
223.385 
226.475 
230.331 
224.053 
223.761 
230.947 
222.314 
220.937 
223.300 
220.607 
233.581 
238.803 
223.971 
232.228 
224.909 
220.613 
242.990 
236.211 
224.114 
270.169 
252.730 
229.842 
232.959 
223.602 
226.274 
241.323 
228.136 
219.903 
230.716 
235.465 
241.533 
242.284 
227.816 
231.613 
238.588 
229.077 
259.917 
232.649 
222.693 
224.884 
236.794 
234.970 
247.033 
222.013 
222.878 
224.981 
224.569 
223.740 
227.228 
238.651 
233.099 
237.012 
226.412 
230.735 
228.657 
228.155 
232.299 
226.278 
236.326 
226.402 
236.090 
230.851 
234.834 
225.276 
219.479 
221.742 
223.055 
225.758 
222.696 
224.193 
239.593 
222.782 
266.140 
220.818 
221.083 
248.732 
272.948 
226.451 
228.758 
224.111 
223.108 
222.155 
228.611 
234.702 
229.078 
228.736 
233.413 
222.538 
241.596 
224.830 
225.212 
227.831 
232.980 
239.937 
225.347 
230.113 
228.095 
222.406 
223.338 
228.352 
224.275 
229.990 
243.291 
253.538 
239.225 
225.789 
233.883 
228.086 
234.794 
229.737 
227.902 
225.727 
228.833 
234.684 
227.529 
223.376 
230.327 
222.723 
238.882 
221.365 
222.020 
225.570 
224.747 
221.204 
230.733 
223.960 
223.586 
226.640 
223.433 
225.580 
228.761 
241.276 
224.032 
222.425 
222.794 
222.276 
220.945 
224.262 
224.134 
226.031 
223.007 
223.259 
220.627 
224.877 
221.990 
235.155 
263.367 
236.970 
225.483 
223.713 
226.824 
224.139 
225.695 
251.474 
236.528 
227.935 
235.996 
238.351 
238.456 
221.951 
222.121 
221.247 
228.236 
223.254 
237.648 
223.012 
227.566 
226.510 
229.198 
223.405 
323.891 
219.856 
249.328 
223.293 
224.186 
230.375 
241.976 
220.898 
221.446 
221.781 
223.859 
223.544 
225.746 
231.203 
224.327 
260.516 
226.044 
231.473 
255.238 
224.856 
225.143 
223.975 
220.097 
222.850 
224.382 
229.466 
223.075 
225.581 
238.350 
249.208 
262.075 
226.458 
226.397 
226.195 
222.778 
249.151 
227.767 
243.936 
234.943 
229.969 
226.359 
221.988 
260.487 
225.694 
231.829 
247.493 
228.443 
230.172 
228.557 
235.774 
239.593 
232.564 
230.623 
255.555 
231.513 
235.364 
228.988 
222.802 
226.307 
232.885 
253.654 
227.565 
227.084 
249.301 
222.048 
236.714 
235.410 
230.542 
223.717 
239.330 
239.977 
248.274 
251.137 
227.175 
228.797 
228.776 
224.042 
240.091 
225.093 
227.697 
230.863 
223.328 
223.916 
228.480 
238.915 
223.199 
229.104 
226.505 
231.501 
229.666 
265.456 
405.803 
256.045 
251.722 
241.619 
231.541 
234.883 
254.581 
229.159 
225.330 
226.557 
229.112 
254.668 
245.444 
267.046 
248.003 
228.564 
221.738 
273.274 
243.535 
262.175 
243.910 
