70.859 
70.852 
70.827 
70.773 
70.716 
70.714 
70.679 
70.700 
70.779 
70.819 
70.862 
70.902 
70.917 
70.881 
70.969 
70.887 
70.947 
70.986 
70.955 
71.033 
71.103 
70.890 
71.416 
76.691 
74.863 
76.686 
77.802 
70.841 
70.734 
70.713 
71.472 
70.752 
70.826 
70.834 
70.953 
71.207 
71.996 
74.026 
74.068 
72.602 
71.128 
70.892 
70.889 
70.781 
70.909 
70.874 
70.877 
70.915 
70.885 
71.498 
72.206 
74.124 
76.194 
71.813 
70.797 
70.821 
70.853 
70.816 
70.937 
70.873 
70.896 
70.910 
70.919 
70.902 
70.995 
70.886 
70.951 
70.827 
70.836 
70.904 
70.845 
70.825 
70.883 
70.865 
70.961 
70.793 
70.860 
70.809 
70.732 
70.824 
70.760 
70.775 
70.825 
70.732 
70.817 
70.792 
70.879 
70.895 
70.855 
70.837 
70.861 
70.847 
70.867 
70.789 
70.911 
70.845 
70.819 
71.227 
71.196 
71.196 
70.777 
70.724 
70.825 
70.805 
70.799 
70.816 
70.709 
70.893 
70.740 
70.880 
70.891 
70.791 
70.895 
70.858 
70.840 
70.923 
70.995 
70.771 
70.858 
70.899 
70.821 
70.780 
70.799 
70.693 
70.735 
70.707 
70.709 
70.709 
70.917 
70.862 
70.940 
70.934 
70.898 
70.960 
70.903 
71.022 
70.919 
70.938 
70.919 
70.909 
70.971 
70.954 
70.989 
70.932 
70.901 
70.855 
70.770 
70.748 
70.785 
70.762 
70.737 
70.989 
70.960 
70.843 
70.825 
70.842 
70.934 
70.853 
70.870 
70.898 
70.810 
70.950 
70.860 
70.906 
70.849 
70.820 
71.286 
70.828 
70.839 
70.798 
70.844 
70.716 
70.709 
70.732 
70.747 
70.752 
70.849 
70.989 
72.513 
70.982 
71.022 
70.941 
70.766 
70.910 
70.839 
70.918 
70.854 
70.926 
70.918 
70.953 
70.856 
70.819 
70.812 
70.861 
70.648 
70.733 
70.669 
70.682 
70.714 
70.886 
70.996 
70.931 
70.935 
70.847 
71.098 
70.870 
70.834 
70.840 
70.891 
70.886 
70.803 
70.859 
70.864 
70.884 
70.855 
70.762 
70.850 
70.731 
70.824 
70.816 
70.734 
70.790 
70.739 
70.868 
70.881 
70.856 
70.882 
70.894 
70.840 
70.780 
70.790 
70.845 
70.877 
70.813 
70.902 
70.849 
70.856 
70.925 
70.853 
70.824 
70.751 
70.759 
70.694 
70.720 
70.691 
72.191 
70.723 
70.727 
70.748 
70.796 
70.802 
70.861 
70.829 
70.970 
70.858 
71.066 
70.770 
70.747 
70.775 
70.751 
70.818 
70.810 
70.898 
70.777 
71.135 
70.663 
70.677 
70.740 
70.726 
70.775 
70.755 
70.756 
70.768 
70.703 
70.775 
70.810 
70.802 
70.895 
70.798 
70.842 
70.754 
70.779 
70.766 
70.870 
70.850 
70.873 
70.821 
70.840 
70.783 
70.716 
70.707 
71.283 
70.794 
70.787 
70.895 
70.917 
70.856 
70.852 
70.991 
70.970 
70.927 
70.854 
70.819 
