70.850 
70.754 
70.807 
70.700 
70.722 
70.692 
70.751 
70.753 
70.723 
70.749 
70.864 
70.867 
70.915 
70.841 
70.901 
70.858 
70.924 
72.212 
70.862 
72.043 
71.066 
70.950 
71.157 
73.988 
73.930 
73.529 
76.448 
70.754 
70.698 
70.702 
70.959 
71.008 
70.777 
70.768 
70.889 
70.863 
71.499 
73.562 
72.281 
71.724 
70.870 
70.884 
70.918 
70.826 
70.856 
70.896 
70.833 
70.878 
70.866 
70.792 
72.442 
72.052 
72.025 
74.607 
70.781 
70.760 
70.818 
70.829 
70.889 
70.857 
70.960 
70.880 
70.930 
70.934 
70.911 
70.852 
70.904 
70.973 
70.824 
70.807 
70.838 
70.879 
70.825 
70.840 
70.788 
70.795 
70.802 
70.786 
70.742 
70.774 
70.816 
70.796 
70.834 
70.685 
70.861 
70.835 
70.839 
70.831 
70.857 
70.765 
70.778 
70.831 
70.809 
70.841 
70.787 
70.762 
70.767 
71.170 
71.176 
71.164 
70.807 
70.746 
70.731 
70.773 
70.692 
70.749 
70.780 
70.821 
70.775 
70.790 
70.817 
70.783 
70.866 
70.823 
70.786 
70.932 
70.854 
70.812 
70.947 
70.764 
70.830 
70.810 
70.738 
70.708 
70.770 
70.764 
70.746 
70.732 
70.890 
70.880 
70.905 
70.900 
70.819 
70.872 
70.834 
70.890 
70.852 
70.948 
70.804 
70.872 
70.854 
70.926 
70.913 
70.928 
70.899 
70.817 
70.780 
70.711 
70.887 
70.725 
70.757 
70.807 
70.901 
70.887 
70.901 
70.827 
70.832 
70.816 
70.874 
70.844 
70.885 
70.846 
70.780 
70.836 
70.779 
70.858 
70.854 
70.987 
70.768 
70.773 
70.725 
70.855 
70.726 
70.715 
70.692 
70.720 
70.839 
71.044 
70.966 
70.889 
70.933 
70.855 
70.876 
70.939 
70.819 
70.914 
70.933 
70.821 
70.868 
70.904 
70.894 
70.792 
70.759 
70.737 
70.679 
70.653 
70.736 
70.753 
70.675 
70.777 
70.922 
70.927 
70.989 
70.839 
70.815 
70.893 
70.851 
70.826 
70.890 
70.885 
70.860 
70.864 
70.871 
70.818 
70.848 
70.846 
70.751 
70.871 
70.655 
70.676 
70.636 
70.691 
70.712 
71.719 
70.926 
70.858 
70.886 
70.863 
70.881 
70.795 
70.864 
70.842 
70.899 
71.018 
70.766 
70.859 
70.838 
70.951 
70.818 
70.939 
70.807 
70.754 
70.716 
70.726 
70.697 
70.647 
70.652 
70.693 
70.721 
70.696 
70.749 
70.758 
70.782 
70.713 
70.790 
70.736 
70.860 
70.757 
70.680 
70.790 
70.770 
70.828 
70.766 
70.773 
70.801 
70.708 
70.666 
70.711 
70.624 
70.876 
70.646 
70.675 
70.704 
70.697 
70.708 
70.767 
70.855 
70.783 
70.802 
70.852 
70.823 
70.768 
70.815 
70.864 
70.792 
70.837 
70.784 
70.880 
70.841 
70.790 
70.589 
70.688 
70.796 
70.769 
70.759 
70.882 
70.864 
70.913 
70.820 
70.826 
70.777 
70.861 
70.841 
