218.841
199.566
219.782
233.01
243.064
295.147
285.384
215.466
222.015
204.713
220.446
215.054
264.887
207.414
191.835
217.606
217.188
208.51
231.402
221.849
187.98
194.892
203.441
206.249
227.225
210.609
248.221
237.094
265.133
263.651
237.231
194.272
217.302
211.757
220.553
212.972
190.148
190.166
202.931
210.459
243.701
198.759
216.921
229.308
250.12
246.404
247.82
253.342
227.289
307.471
238.758
239.325
240.408
244.59
236.225
201.954
197.103
193.321
195.851
186.81
197.046
202.69
186.041
200.772
232.634
186.724
184.984
187.115
195.342
229.448
251.463
228.958
285.144
250.297
268.106
249.388
248.248
244.282
223.797
189.406
229.182
211.116
231.088
193.815
209.813
255.646
227.949
212.9
232.317
188.814
222.835
227.863
239.634
245.646
268.628
231.373
209.422
244.318
241.925
240.786
239.694
238.246
186.49
184.775
185.849
186.383
186.493
186.66
185.874
186.785
184.923
186.327
190.493
187.241
188.525
186.95
187.851
187.227
192.778
190.591
199.484
237.196
241.627
239.95
248.516
231.196
187.363
186.937
186.196
186.302
186.742
189.705
188.926
191.289
188.576
192.966
187.055
188.62
194.701
204.827
210.785
193.419
197.899
189.244
189.853
216.876
204.606
230.787
227.467
187.792
211.226
199.53
198.432
191.589
196.054
189.456
196.612
199.032
195.625
198.182
195.563
250.006
220.327
187.919
190.513
201.082
197.305
185.102
189.397
188.382
197.604
257.382
231.746
206.153
200.079
192.35
220.848
191.05
197.379
186.984
222.592
198.821
268.504
189.945
192.686
196.459
205.196
191.951
199.422
195.723
195.634
191.032
188.958
192.41
235.466
224.836
269.966
243.731
207.695
188.715
220.651
199.127
200.996
213.387
243.405
321.893
192.591
205.833
212.146
206.856
193.648
222.04
199.395
219.74
203.94
211.977
211.661
236.81
236.211
261.526
266.666
285.465
239.472
206.055
208.739
205.829
251.908
201.798
247.282
226.306
225.939
195.011
190.866
198.816
206.002
409.059
359.109
226.685
246.847
265.243
245.932
278.299
299.803
269.974
254.479
202.442
229.64
222.414
208.747
223.813
206.765
209.794
213.731
236.918
259.761
243.265
257.792
212.145
212.54
202.554
202.182
204.515
209.086
212.527
