236.046 
228.568 
246.240 
229.573 
259.188 
230.602 
227.492 
226.125 
237.892 
235.398 
231.366 
229.199 
224.166 
277.457 
275.301 
251.707 
225.145 
226.052 
225.869 
225.746 
222.550 
225.633 
226.905 
219.501 
224.959 
222.007 
223.391 
228.717 
239.443 
226.508 
222.852 
226.639 
228.057 
224.940 
236.722 
231.749 
244.370 
228.464 
234.088 
229.068 
246.068 
223.575 
221.428 
229.893 
224.089 
228.158 
223.136 
255.281 
230.588 
228.786 
238.390 
221.398 
223.772 
229.875 
224.294 
227.145 
227.460 
237.754 
230.559 
223.041 
234.745 
227.003 
242.385 
242.505 
237.720 
246.683 
222.170 
239.793 
244.054 
225.541 
228.388 
236.729 
229.095 
230.433 
229.147 
233.855 
228.276 
236.120 
227.874 
226.651 
229.370 
250.022 
244.470 
228.186 
222.840 
232.809 
230.457 
234.005 
222.485 
223.405 
223.884 
230.600 
242.213 
221.520 
234.112 
234.117 
227.536 
235.364 
224.727 
230.796 
223.846 
227.062 
223.036 
235.609 
235.005 
242.724 
235.508 
224.619 
226.261 
225.286 
235.995 
224.739 
222.873 
222.780 
225.398 
225.804 
225.762 
225.676 
235.053 
223.887 
228.623 
228.952 
227.673 
225.465 
240.323 
233.261 
225.535 
237.954 
223.757 
237.220 
222.502 
227.225 
234.135 
232.331 
257.973 
260.454 
224.920 
226.968 
224.452 
222.627 
223.048 
227.332 
226.246 
223.395 
223.108 
223.283 
230.271 
231.434 
223.364 
234.390 
228.276 
223.237 
225.823 
229.057 
224.236 
227.339 
223.345 
231.782 
222.616 
227.039 
226.018 
228.240 
230.291 
227.763 
223.169 
225.958 
224.881 
235.447 
223.579 
251.123 
256.050 
233.920 
251.465 
243.933 
241.398 
224.929 
228.551 
222.461 
236.648 
259.540 
244.332 
243.387 
230.185 
223.676 
225.317 
239.095 
243.520 
235.506 
223.700 
231.259 
230.487 
333.458 
239.277 
227.865 
230.010 
221.492 
227.186 
222.272 
238.142 
227.302 
222.977 
256.752 
229.978 
250.849 
240.026 
226.210 
240.676 
221.267 
222.501 
236.229 
228.712 
229.288 
222.692 
224.359 
227.245 
236.165 
223.217 
226.332 
234.719 
226.474 
228.343 
226.747 
240.046 
226.162 
228.379 
223.870 
243.587 
230.948 
228.978 
258.229 
237.773 
226.770 
220.804 
224.202 
238.501 
224.001 
232.709 
232.911 
262.654 
239.580 
225.779 
233.851 
246.856 
237.885 
227.297 
240.322 
259.461 
226.816 
224.444 
234.832 
224.311 
235.671 
238.519 
224.896 
228.308 
239.384 
225.387 
238.041 
234.587 
231.688 
237.301 
235.641 
238.911 
226.881 
237.275 
240.519 
225.071 
235.876 
240.808 
228.909 
236.947 
245.538 
227.771 
234.097 
231.383 
227.919 
236.841 
229.659 
256.482 
228.615 
232.003 
288.116 
278.160 
237.770 
223.075 
235.308 
237.280 
230.815 
259.503 
231.123 
229.710 
265.499 
235.646 
244.702 
242.152 
227.476 
246.562 
280.315 
225.118 
258.363 
261.745 
232.712 
228.172 
